      1.25   5745.00   5407.04   5516.54   5569.91   5677.83   5759.56   5729.12   5744.05   5744.88
      3.75   5730.00   5407.04   5518.85   5574.45   5673.84   5737.16   5721.33   5730.12   5730.14
      6.25   5712.00   5407.04   5520.94   5578.36   5667.52   5710.85   5712.68   5712.75   5712.00
      8.75   5692.00   5407.04   5522.82   5581.61   5659.03   5681.48   5700.72   5692.86   5691.98
     11.25   5671.00   5407.04   5524.48   5584.19   5648.53   5649.94   5683.04   5671.06   5670.73
     13.75   5647.00   5407.04   5525.92   5586.09   5636.26   5617.13   5657.90   5646.95   5647.39
     16.25   5620.00   5407.04   5527.13   5587.31   5622.45   5583.93   5624.62   5619.05   5619.89
     18.75   5586.00   5407.04   5528.11   5587.85   5607.35   5551.20   5583.91   5585.41   5585.99
     21.25   5545.00   5407.04   5528.86   5587.69   5591.23   5519.68   5537.82   5544.82   5544.72
     23.75   5497.00   5407.04   5529.38   5586.86   5574.37   5490.09   5489.58   5498.08   5497.38
     26.25   5448.00   5407.04   5529.66   5585.36   5557.06   5462.99   5443.11   5448.65   5447.90
     28.75   5402.00   5407.04   5529.71   5583.20   5539.57   5438.89   5402.42   5402.23   5402.02
     31.25   5366.00   5407.04   5529.53   5580.40   5522.18   5418.13   5371.00   5365.34   5365.83
     33.75   5344.00   5407.04   5529.12   5576.98   5505.18   5400.98   5351.23   5343.19   5344.00
     36.25   5338.00   5407.04   5528.47   5572.96   5488.80   5387.56   5344.02   5337.94   5338.40
     38.75   5348.00   5407.04   5527.59   5568.38   5473.30   5377.90   5348.63   5347.83   5347.58
     41.25   5367.00   5407.04   5526.48   5563.25   5458.88   5371.93   5362.78   5367.86   5367.13
     43.75   5391.00   5407.04   5525.15   5557.62   5445.74   5369.48   5383.02   5391.57   5390.96
     46.25   5413.00   5407.04   5523.59   5551.51   5434.04   5370.31   5405.34   5413.17   5413.16
     48.75   5430.00   5407.04   5521.81   5544.97   5423.92   5374.11   5425.73   5429.17   5429.72
     51.25   5439.00   5407.04   5519.81   5538.04   5415.48   5380.53   5440.90   5438.67   5439.30
     53.75   5443.00   5407.04   5517.59   5530.75   5408.77   5389.18   5448.80   5442.59   5442.83
     56.25   5442.00   5407.04   5515.17   5523.15   5403.85   5399.65   5448.87   5442.29   5441.99
     58.75   5438.00   5407.04   5512.54   5515.28   5400.70   5411.51   5442.15   5438.55   5437.98
     61.25   5431.00   5407.04   5509.71   5507.20   5399.29   5424.35   5431.03   5431.57   5431.17
     63.75   5422.00   5407.04   5506.68   5498.93   5399.55   5437.75   5418.81   5421.89   5421.92
     66.25   5412.00   5407.04   5503.46   5490.54   5401.37   5451.33   5409.12   5411.52   5411.94
     68.75   5405.00   5407.04   5500.06   5482.06   5404.64   5464.71   5405.23   5404.35   5404.83
     71.25   5405.00   5407.04   5496.48   5473.54   5409.20   5477.57   5409.50   5405.22   5405.42
     73.75   5418.00   5407.04   5492.74   5465.03   5414.86   5489.60   5422.97   5417.98   5417.77
     76.25   5443.00   5407.04   5488.82   5456.56   5421.42   5500.51   5445.10   5443.42   5442.96
     78.75   5478.00   5407.04   5484.76   5448.18   5428.68   5510.07   5473.89   5478.30   5477.94
     81.25   5516.00   5407.04   5480.54   5439.93   5436.40   5518.08   5506.18   5516.18   5516.18
     83.75   5550.00   5407.04   5476.19   5431.86   5444.35   5524.35   5538.11   5549.71   5550.05
     86.25   5574.00   5407.04   5471.70   5423.98   5452.29   5528.74   5565.74   5573.33   5573.75
     88.75   5585.00   5407.04   5467.09   5416.35   5459.99   5531.14   5585.64   5584.98   5585.19
     91.25   5586.00   5407.04   5462.37   5408.99   5467.21   5531.48   5595.40   5586.01   5585.87
     93.75   5579.00   5407.04   5457.54   5401.93   5473.74   5529.69   5593.96   5579.54   5579.16
     96.25   5568.00   5407.04   5452.62   5395.20   5479.36   5525.78   5581.67   5568.27   5567.90
     98.75   5553.00   5407.04   5447.61   5388.82   5483.90   5519.74   5560.21   5553.15   5553.04
    101.25   5534.00   5407.04   5442.52   5382.81   5487.18   5511.63   5532.24   5533.58   5533.82
    103.75   5509.00   5407.04   5437.36   5377.18   5489.06   5501.55   5500.95   5508.80   5509.26
    106.25   5480.00   5407.04   5432.15   5371.96   5489.43   5489.61   5469.52   5479.59   5479.95
    108.75   5449.00   5407.04   5426.88   5367.14   5488.20   5475.98   5440.67   5448.84   5448.78
    111.25   5420.00   5407.04   5421.58   5362.75   5485.31   5460.86   5416.29   5420.67   5420.20
    113.75   5398.00   5407.04   5416.26   5358.77   5480.74   5444.48   5397.26   5398.63   5398.09
    116.25   5384.00   5407.04   5410.91   5355.21   5474.51   5427.12   5383.41   5383.88   5383.72
    118.75   5375.00   5407.04   5405.56   5352.07   5466.66   5409.08   5373.76   5374.71   5375.10
    121.25   5368.00   5407.04   5400.21   5349.34   5457.25   5390.69   5366.75   5367.62   5368.27
    123.75   5360.00   5407.04   5394.87   5347.01   5446.40   5372.31   5360.66   5359.29   5359.65
    126.25   5348.00   5407.04   5389.56   5345.07   5434.23   5354.28   5353.97   5348.32   5348.08
    128.75   5335.00   5407.04   5384.28   5343.50   5420.91   5336.99   5345.65   5335.68   5335.03
    131.25   5323.00   5407.04   5379.04   5342.28   5406.62   5320.78   5335.33   5323.74   5323.23
    133.75   5315.00   5407.04   5373.86   5341.39   5391.56   5305.99   5323.31   5314.57   5314.61
    136.25   5309.00   5407.04   5368.74   5340.82   5375.96   5292.93   5310.48   5308.63   5309.16
    138.75   5305.00   5407.04   5363.69   5340.53   5360.03   5281.87   5298.05   5304.61   5305.19
    141.25   5301.00   5407.04   5358.73   5340.50   5344.04   5273.02   5287.31   5300.43   5300.62
    143.75   5294.00   5407.04   5353.86   5340.70   5328.21   5266.54   5279.32   5294.67   5294.35
    146.25   5287.00   5407.04   5349.08   5341.10   5312.80   5262.50   5274.72   5287.46   5286.89
    148.75   5280.00   5407.04   5344.42   5341.68   5298.04   5260.93   5273.59   5280.29   5279.89
    151.25   5275.00   5407.04   5339.88   5342.39   5284.17   5261.75   5275.44   5275.00   5275.05
    153.75   5273.00   5407.04   5335.47   5343.21   5271.41   5264.82   5279.37   5272.69   5273.17
    156.25   5274.00   5407.04   5331.19   5344.11   5259.95   5269.93   5284.25   5273.24   5273.81
    158.75   5276.00   5407.04   5327.05   5345.05   5249.97   5276.79   5288.99   5275.78   5276.01
    161.25   5279.00   5407.04   5323.07   5346.02   5241.64   5285.05   5292.72   5279.51   5279.19
    163.75   5284.00   5407.04   5319.25   5346.96   5235.08   5294.33   5295.06   5284.33   5283.69
    166.25   5290.00   5407.04   5315.60   5347.86   5230.39   5304.20   5296.13   5290.71   5290.24
    168.75   5299.00   5407.04   5312.12   5348.69   5227.64   5314.21   5296.53   5298.93   5299.03
    171.25   5309.00   5407.04   5308.82   5349.43   5226.87   5323.93   5297.20   5308.30   5308.91
    173.75   5318.00   5407.04   5305.70   5350.04   5228.06   5332.93   5299.23   5317.09   5317.72
    176.25   5323.00   5407.04   5302.79   5350.50   5231.20   5340.83   5303.55   5323.38   5323.51
    178.75   5326.00   5407.04   5300.06   5350.81   5236.22   5347.28   5310.72   5326.25   5325.77
    181.25   5326.00   5407.04   5297.55   5350.92   5243.01   5352.03   5320.79   5326.66   5325.97
    183.75   5327.00   5407.04   5295.24   5350.85   5251.46   5354.88   5333.16   5327.22   5326.88
    186.25   5331.00   5407.04   5293.14   5350.56   5261.39   5355.74   5346.68   5330.92   5331.19
    188.75   5340.00   5407.04   5291.26   5350.05   5272.63   5354.60   5359.78   5339.47   5340.10
    191.25   5353.00   5407.04   5289.60   5349.31   5284.97   5351.56   5370.74   5352.22   5352.70
    193.75   5366.00   5407.04   5288.17   5348.34   5298.17   5346.81   5377.92   5366.20   5366.19
    196.25   5377.00   5407.04   5286.96   5347.14   5312.01   5340.64   5380.09   5377.43   5376.97
    198.75   5382.00   5407.04   5285.98   5345.72   5326.21   5333.39   5376.61   5382.44   5381.90
    201.25   5379.00   5407.04   5285.23   5344.06   5340.53   5325.50   5367.53   5379.47   5379.23
    203.75   5369.00   5407.04   5284.71   5342.20   5354.68   5317.43   5353.68   5368.65   5368.85
    206.25   5352.00   5407.04   5284.42   5340.12   5368.43   5309.67   5336.45   5351.40   5351.89
    208.75   5330.00   5407.04   5284.37   5337.86   5381.49   5302.72   5317.67   5329.72   5330.18
    211.25   5306.00   5407.04   5284.55   5335.42   5393.64   5297.06   5299.35   5305.84   5305.97
    213.75   5282.00   5407.04   5284.97   5332.83   5404.63   5293.12   5283.39   5282.35   5282.04
    216.25   5262.00   5407.04   5285.61   5330.11   5414.27   5291.27   5271.37   5262.45   5261.85
    218.75   5249.00   5407.04   5286.49   5327.28   5422.36   5291.79   5264.39   5249.62   5249.15
    221.25   5247.00   5407.04   5287.60   5324.37   5428.74   5294.87   5263.02   5246.74   5246.79
    223.75   5255.00   5407.04   5288.93   5321.40   5433.28   5300.58   5267.28   5254.74   5255.37
    226.25   5273.00   5407.04   5290.49   5318.41   5435.88   5308.87   5276.79   5271.96   5272.74
    228.75   5295.00   5407.04   5292.27   5315.44   5436.49   5319.55   5290.85   5294.53   5294.81
    231.25   5317.00   5407.04   5294.28   5312.50   5435.06   5332.33   5308.59   5318.07   5317.51
    233.75   5339.00   5407.04   5296.49   5309.64   5431.62   5346.79   5329.13   5339.59   5338.57
    236.25   5358.00   5407.04   5298.91   5306.90   5426.20   5362.40   5351.61   5358.78   5358.17
    238.75   5378.00   5407.04   5301.55   5304.29   5418.88   5378.56   5375.20   5377.66   5378.05
    241.25   5400.00   5407.04   5304.38   5301.87   5409.78   5394.61   5399.07   5398.78   5399.91
    243.75   5424.00   5407.04   5307.41   5299.66   5399.05   5409.82   5422.33   5423.03   5423.93
    246.25   5448.00   5407.04   5310.62   5297.70   5386.87   5423.49   5443.94   5448.31   5448.16
    248.75   5469.00   5407.04   5314.02   5296.02   5373.44   5434.91   5462.67   5470.03   5468.93
    251.25   5482.00   5407.04   5317.60   5294.66   5359.00   5443.44   5477.13   5483.19   5482.10
    253.75   5485.00   5407.04   5321.35   5293.64   5343.81   5448.52   5485.90   5484.94   5484.79
    256.25   5477.00   5407.04   5325.26   5292.99   5328.13   5449.67   5487.63   5476.04   5476.94
    258.75   5461.00   5407.04   5329.33   5292.75   5312.25   5446.57   5481.28   5460.41   5461.58
    261.25   5444.00   5407.04   5333.54   5292.93   5296.47   5439.04   5466.35   5442.93   5443.41
    263.75   5426.00   5407.04   5337.89   5293.56   5281.07   5427.03   5443.03   5426.69   5426.11
    266.25   5410.00   5407.04   5342.38   5294.66   5266.36   5410.72   5412.31   5411.22   5410.10
    268.75   5392.00   5407.04   5346.99   5296.25   5252.61   5390.41   5375.97   5392.84   5392.06
    271.25   5367.00   5407.04   5351.71   5298.33   5240.12   5366.60   5336.42   5366.76   5366.91
    273.75   5331.00   5407.04   5356.54   5300.93   5229.13   5339.92   5296.47   5330.06   5331.02
    276.25   5285.00   5407.04   5361.47   5304.05   5219.89   5311.15   5258.97   5283.88   5284.92
    278.75   5234.00   5407.04   5366.48   5307.69   5212.61   5281.19   5226.43   5233.74   5234.05
    281.25   5187.00   5407.04   5371.57   5311.86   5207.49   5251.03   5200.68   5187.83   5187.12
    283.75   5153.00   5407.04   5376.72   5316.55   5204.67   5221.68   5182.65   5154.13   5152.93
    286.25   5137.00   5407.04   5381.94   5321.75   5204.28   5194.21   5172.22   5137.59   5136.88
    288.75   5139.00   5407.04   5387.20   5327.46   5206.41   5169.65   5168.32   5138.58   5138.99
    291.25   5154.00   5407.04   5392.50   5333.66   5211.10   5148.98   5169.14   5153.02   5154.25
    293.75   5175.00   5407.04   5397.83   5340.34   5218.36   5133.09   5172.50   5173.93   5174.94
    296.25   5194.00   5407.04   5403.17   5347.47   5228.17   5122.75   5176.29   5193.75   5193.66
    298.75   5205.00   5407.04   5408.52   5355.04   5240.45   5118.58   5178.93   5206.47   5205.35
    301.25   5208.00   5407.04   5413.87   5363.00   5255.09   5121.02   5179.68   5209.08   5207.92
    303.75   5202.00   5407.04   5419.21   5371.35   5271.96   5130.33   5178.91   5202.13   5201.91
    306.25   5190.00   5407.04   5424.52   5380.03   5290.86   5146.56   5178.07   5189.32   5190.18
    308.75   5178.00   5407.04   5429.80   5389.02   5311.60   5169.56   5179.51   5176.60   5177.74
    311.25   5171.00   5407.04   5435.04   5398.27   5333.93   5198.96   5186.14   5170.68   5171.15
    313.75   5177.00   5407.04   5440.22   5407.76   5357.58   5234.20   5200.87   5177.64   5177.16
    316.25   5201.00   5407.04   5445.34   5417.42   5382.28   5274.56   5226.13   5201.61   5200.65
    318.75   5243.00   5407.04   5450.39   5427.23   5407.72   5319.14   5263.33   5243.93   5243.25
    321.25   5303.00   5407.04   5455.36   5437.13   5433.59   5366.93   5312.50   5302.92   5302.97
    323.75   5375.00   5407.04   5460.23   5447.07   5459.56   5416.82   5372.20   5374.30   5374.97
    326.25   5453.00   5407.04   5465.00   5457.02   5485.32   5467.62   5439.52   5452.11   5452.91
    328.75   5530.00   5407.04   5469.66   5466.91   5510.55   5518.16   5510.47   5529.78   5530.17
    331.25   5601.00   5407.04   5474.20   5476.71   5534.93   5567.24   5580.45   5601.25   5600.94
    333.75   5661.00   5407.04   5478.62   5486.36   5558.17   5613.72   5644.87   5661.80   5660.99
    336.25   5708.00   5407.04   5482.90   5495.82   5579.98   5656.57   5699.76   5708.66   5707.91
    338.75   5741.00   5407.04   5487.03   5505.03   5600.11   5694.84   5742.31   5741.13   5741.06
    341.25   5761.00   5407.04   5491.01   5513.95   5618.32   5727.73   5771.18   5760.51   5761.24
    343.75   5771.00   5407.04   5494.83   5522.54   5634.42   5754.62   5786.66   5769.59   5770.57
    346.25   5772.00   5407.04   5498.49   5530.75   5648.22   5775.05   5790.45   5771.85   5772.26
    348.75   5770.00   5407.04   5501.97   5538.54   5659.59   5788.74   5785.35   5770.55   5770.00
    351.25   5767.00   5407.04   5505.27   5545.87   5668.44   5795.62   5774.68   5767.94   5766.88
    353.75   5764.00   5407.04   5508.38   5552.71   5674.69   5795.78   5761.67   5764.81   5764.14
    356.25   5761.00   5407.04   5511.30   5559.02   5678.32   5789.51   5748.92   5760.61   5760.89
    358.75   5755.00   5407.04   5514.02   5564.76   5679.35   5777.24   5737.99   5754.08   5755.05
