    0.1963    0.1951    0.9808    0.9180    0.9936    0.9558    0.9800
    0.5890    0.5556    0.8315    0.7026    0.9180    0.8103    0.8308
    0.9817    0.8315    0.5556    0.3802    0.7026    0.5414    0.5551
    1.3744    0.9808    0.1951    0.0000    0.3802    0.1901    0.1949
    1.7671    0.9808   -0.1951   -0.3802    0.0000   -0.1901   -0.1949
    2.1598    0.8315   -0.5556   -0.7026   -0.3802   -0.5414   -0.5551
    2.5525    0.5556   -0.8315   -0.9180   -0.7026   -0.8103   -0.8308
    2.9452    0.1951   -0.9808   -0.9936   -0.9180   -0.9558   -0.9800
    3.3379   -0.1951   -0.9808   -0.9180   -0.9936   -0.9558   -0.9800
    3.7306   -0.5556   -0.8315   -0.7026   -0.9180   -0.8103   -0.8308
    4.1233   -0.8315   -0.5556   -0.3802   -0.7026   -0.5414   -0.5551
    4.5160   -0.9808   -0.1951   -0.0000   -0.3802   -0.1901   -0.1949
    4.9087   -0.9808    0.1951    0.3802   -0.0000    0.1901    0.1949
    5.3014   -0.8315    0.5556    0.7026    0.3802    0.5414    0.5551
    5.6941   -0.5556    0.8315    0.9180    0.7026    0.8103    0.8308
    6.0868   -0.1951    0.9808    0.9936    0.9180    0.9558    0.9800
