  0.04908738  0.00000000  0.12525992 -0.00000855
  0.14726215  0.00000001  0.09780258  0.00000863
  0.24543692  0.00000004  0.05915963 -0.00000842
  0.34361169  0.00000013  0.01160291  0.00000899
  0.44178646  0.00000038 -0.04190181 -0.00000749
  0.53996123  0.00000107 -0.09776556  0.00001131
  0.63813600  0.00000293 -0.15187756 -0.00000188
  0.73631077  0.00000767 -0.19977414  0.00002446
  0.83448553  0.00001932 -0.23690943  0.00002798
  0.93266030  0.00004687 -0.25904391  0.00009006
  1.03083507  0.00010937 -0.26273104  0.00016748
  1.12900984  0.00024558 -0.24583478  0.00037708
  1.22718461  0.00053058 -0.20796860  0.00073849
  1.32535938  0.00110297 -0.15072900  0.00147505
  1.42353415  0.00220612 -0.07762007  0.00277802
  1.52170892  0.00424572  0.00636827  0.00513287
  1.61988368  0.00786194  0.09547420  0.00910804
  1.71805845  0.01400765  0.18402762  0.01569582
  1.81623322  0.02401360  0.26726853  0.02609174
  1.91440799  0.03961009  0.34192947  0.04198454
  2.01258276  0.06286530  0.40645233  0.06522634
  2.11075753  0.09600033  0.46080946  0.09794624
  2.20893230  0.14105583  0.50600427  0.14198652
  2.30710707  0.19941872  0.54340630  0.19876087
  2.40528183  0.27126727  0.57410793  0.26847954
  2.50345660  0.35504668  0.59846971  0.34992841
  2.60163137  0.44712619  0.61595938  0.43983329
  2.69980614  0.54179044  0.62530474  0.53304945
  2.79798091  0.63166839  0.62489833  0.62259149
  2.89615568  0.70860391  0.61333123  0.70063844
  2.99433045  0.76484692  0.58990890  0.75934202
  3.09250522  0.79433205  0.55501754  0.79234721
  3.19067998  0.79375456  0.51025804  0.79565937
  3.28885475  0.76317997  0.45832982  0.76867913
  3.38702952  0.70603182  0.40270873  0.71410585
  3.48520429  0.62846077  0.34720236  0.63774810
  3.58337906  0.53825572  0.29547469  0.54724990
  3.68155383  0.44356342  0.25061373  0.45107215
  3.77972860  0.35170567  0.21478471  0.35693399
  3.87790337  0.26832405  0.18898600  0.27108399
  3.97607813  0.19696834  0.17291618  0.19747257
  4.07425290  0.13912008  0.16496763  0.13795608
  4.17242767  0.09454527  0.16237442  0.09234639
  4.27060244  0.06182247  0.16154152  0.05924197
  4.36877721  0.03889641  0.15855889  0.03636878
  4.46695198  0.02354666  0.14985612  0.02139056
  4.56512675  0.01371531  0.13289658  0.01201430
  4.66330152  0.00768667  0.10676640  0.00647252
  4.76147628  0.00414503  0.07250536  0.00331266
  4.85965105  0.00215067  0.03306606  0.00163859
  4.95782582  0.00107368 -0.00713086  0.00075517
  5.05600059  0.00051575 -0.04297509  0.00035003
  5.15417536  0.00023837 -0.06961708  0.00013702
  5.25235013  0.00010600 -0.08337851  0.00006774
  5.35052490  0.00004536 -0.08242039  0.00001433
  5.44869967  0.00001867 -0.06703245  0.00001702
  5.54687443  0.00000740 -0.03950912 -0.00000561
  5.64504920  0.00000282 -0.00368104  0.00000956
  5.74322397  0.00000103  0.03575565 -0.00000826
  5.84139874  0.00000036  0.07394616  0.00000867
  5.93957351  0.00000012  0.10647932 -0.00000855
  6.03774828  0.00000004  0.12980321  0.00000858
  6.13592305  0.00000001  0.14143827 -0.00000857
  6.23409782  0.00000000  0.14002394  0.00000858
